RELATIONSHIPID	CONCEPTID1	RELATIONSHIPTYPE	CONCEPTID2	CHARACTERISTICTYPE	REFINABILITY	RELATIONSHIPGROUP
	196781001	116680003	85189001	0	0	0
	196781001	116680003	67602004	0	0	0
	28358004	363698007	83856002	0	1	1
	28358004	116676008	26036001	0	1	1
	28358004	116676008	4532008	0	1	2
	28358004	363698007	66754008	0	1	2
	28358004	363698007	66754008	0	1	3
	28358004	116676008	125671007	0	1	3
	28358004	116680003	47693006	0	0	0
	28358004	116680003	4998000	0	0	0
	28358004	116680003	67602004	0	0	0
	